# Created by Octave 4.4.1, Mon Sep 14 11:53:36 2020 GMT <unknown@DESKTOP-MFGM71T>
# name: odg
# type: scalar struct
# ndims: 2
 1 1
# length: 5
# name: scl_f
# type: scalar
-0.26460447146540389


# name: scl_b
# type: scalar
-0.28724445314315128


# name: scl_fb
# type: scalar
-0.15085941076460463


# name: scl_fbb
# type: scalar
-0.15659022954945545


# name: scl_fbf
# type: scalar
-0.026408336024889678




