# Created by Octave 5.1.0, Fri Sep 18 20:42:44 2020 GMT <unknown@LAPTOP-59FRPE8E>
# name: odg
# type: scalar
-2.1859523650696655


