# Created by Octave 5.1.0, Fri Sep 18 20:26:37 2020 GMT <unknown@LAPTOP-59FRPE8E>
# name: odg
# type: scalar
-0.47190674292543688


